0 484
0 679
0 82
0 924
0 903
1 713
1 907
1 508
1 191
1 377
2 967
2 735
2 158
2 387
2 723
3 325
3 964
3 584
3 6
3 845
4 579
4 416
4 658
4 201
4 743
5 184
5 244
5 308
5 396
5 665
6 566
6 49
6 735
6 15
6 235
7 820
7 277
7 785
7 787
7 133
8 50
8 729
8 211
8 406
8 607
9 879
9 982
9 437
9 25
9 153
10 61
10 786
10 511
10 868
10 75
11 267
11 14
11 937
11 63
11 973
12 97
12 467
12 587
12 659
12 95
13 902
13 719
13 13
13 854
13 17
14 508
14 523
14 87
14 49
14 364
15 338
15 752
15 713
15 244
15 486
16 143
16 828
16 139
16 863
16 384
17 397
17 56
17 213
17 482
17 858
18 203
18 861
18 215
18 254
18 428
19 361
19 89
19 289
19 521
19 326
20 614
20 565
20 363
20 140
20 224
21 420
21 794
21 365
21 911
21 346
22 674
22 598
22 415
22 530
22 292
23 832
23 851
23 842
23 150
23 190
24 661
24 303
24 492
24 345
24 736
25 915
25 531
25 566
25 540
25 634
26 721
26 336
26 992
26 735
26 132
27 527
27 164
27 642
27 354
27 102
28 108
28 616
28 68
28 198
28 576
29 938
29 845
29 142
29 393
29 474
30 768
30 673
30 768
30 12
30 620
31 998
31 901
31 194
31 631
31 966
32 603
32 778
32 268
32 354
32 441
33 985
33 582
33 270
33 973
33 987
34 239
34 834
34 344
34 169
34 885
35 468
35 639
35 418
35 364
35 807
36 850
36 515
36 420
36 983
36 353
37 456
37 919
37 494
37 826
37 827
38 286
38 148
38 896
38 21
38 749
39 91
39 952
39 122
39 641
39 319
40 345
40 828
40 197
40 836
40 217
41 503
41 657
41 623
41 455
41 691
42 333
42 885
42 273
42 650
42 237
43 562
43 689
43 699
43 845
43 583
44 368
44 614
44 773
44 465
44 57
45 622
45 418
45 847
45 236
45 955
46 780
46 646
46 825
46 503
46 101
47 609
47 451
47 899
47 122
47 447
48 863
48 927
48 325
48 317
48 921
49 669
49 731
49 975
49 512
49 468
50 851
50 960
50 49
50 132
50 942
51 56
51 764
51 475
51 327
51 288
52 886
52 664
52 125
52 498
52 410
53 716
53 469
53 551
53 693
53 308
54 945
54 697
54 601
54 312
54 230
55 127
55 526
55 251
55 580
55 800
56 933
56 402
56 677
56 351
56 698
57 187
57 206
57 752
57 970
57 172
58 440
58 435
58 754
58 589
58 718
59 174
59 839
59 828
59 360
59 640
60 404
60 715
60 902
60 980
60 538
61 634
61 520
61 880
61 599
61 660
62 39
62 772
62 954
62 794
62 582
63 293
63 576
63 380
63 989
63 904
64 875
64 805
64 30
64 832
64 50
65 281
65 257
65 104
65 452
65 948
66 510
66 509
66 530
66 647
66 422
67 764
67 314
67 180
67 842
67 393
68 498
68 542
68 606
68 461
68 891
69 728
69 18
69 232
69 80
69 789
70 981
70 823
70 882
70 851
70 935
71 787
71 627
71 308
71 471
71 257
72 617
72 855
72 382
72 642
72 179
73 222
73 356
73 384
73 485
73 301
74 28
74 584
74 459
74 104
74 199
75 858
75 388
75 533
75 299
75 97
76 64
76 641
76 535
76 919
76 667
77 245
77 93
77 585
77 114
77 141
78 75
78 321
78 11
78 309
78 63
79 305
79 126
79 661
79 928
79 609
80 135
80 378
80 735
80 699
80 531
81 940
81 406
81 161
81 319
81 5
82 122
82 635
82 235
82 586
82 551
83 376
83 463
83 237
83 357
83 873
84 582
84 691
84 311
84 976
84 372
85 987
85 144
85 361
85 595
85 918
86 569
86 372
86 363
86 790
86 392
87 823
87 201
87 437
87 986
87 738
88 229
88 429
88 863
88 605
88 884
89 458
89 881
89 513
89 800
89 782
90 712
90 110
90 587
90 995
90 256
91 446
91 514
91 14
91 838
91 226
92 675
92 742
92 640
92 434
92 148
93 929
93 195
93 66
93 53
93 622
94 735
94 447
94 140
94 824
94 168
95 917
95 251
95 790
95 443
95 90
96 146
96 480
96 216
96 62
96 988
97 976
97 932
97 290
97 834
97 134
98 806
98 184
98 292
98 453
98 32
99 36
99 989
99 942
99 648
99 930
100 193
100 217
100 992
100 915
100 476
101 23
101 693
101 994
101 110
101 974
102 253
102 522
102 68
102 305
102 873
103 83
103 326
103 494
103 925
103 867
104 240
104 554
104 144
104 120
104 341
105 494
105 31
105 218
105 315
105 263
106 324
106 259
106 644
106 934
106 737
107 554
107 63
107 294
107 553
107 707
108 359
108 316
108 697
108 325
108 181
109 517
109 768
109 771
109 592
109 103
110 771
110 996
110 421
110 787
110 225
111 600
111 801
111 847
111 982
111 571
112 406
112 53
112 921
112 577
112 469
113 12
113 81
113 923
113 773
113 615
114 818
114 310
114 997
114 392
114 513
115 647
115 138
115 71
115 587
115 411
116 901
116 366
116 49
116 782
116 957
117 683
117 819
117 123
117 401
117 455
118 865
118 47
118 549
118 820
118 353
119 94
119 876
119 623
119 440
119 924
120 348
120 104
120 273
120 59
120 822
121 754
121 556
121 699
121 830
121 744
122 336
122 809
122 773
122 449
122 866
123 165
123 613
123 775
123 68
123 188
124 971
124 417
124 825
124 264
124 662
125 201
125 870
125 900
125 459
125 232
126 31
126 122
126 902
126 78
126 706
127 188
127 926
127 976
127 921
127 52
128 442
128 155
128 402
128 116
128 174
129 248
129 607
129 628
129 312
129 72
130 77
130 859
130 702
130 931
130 570
131 683
131 688
131 104
131 550
131 540
132 489
132 916
132 754
132 297
132 438
133 719
133 392
133 180
133 916
133 912
134 524
134 621
134 254
134 535
134 482
135 354
135 1
135 904
135 307
135 404
136 960
136 229
136 330
136 574
136 302
137 766
137 706
137 404
137 769
137 425
138 595
138 934
138 406
138 388
138 347
139 825
139 738
139 456
139 583
139 245
140 7
140 991
140 530
140 779
140 791
141 813
141 443
141 532
141 398
141 689
142 42
142 671
142 607
142 593
142 187
143 296
143 476
143 33
143 788
143 157
144 678
144 728
144 683
144 407
144 655
145 284
145 532
145 781
145 251
145 553
146 537
146 985
146 207
146 446
146 699
147 919
147 813
147 833
147 65
147 21
148 173
148 41
148 259
148 260
148 495
149 730
149 846
149 333
149 455
149 41
150 136
150 722
150 983
150 75
150 963
151 390
151 551
151 409
151 270
151 861
152 620
152 779
152 483
152 865
152 431
153 25
153 583
153 485
153 60
153 905
154 607
154 484
154 559
154 903
154 828
155 861
155 288
155 609
155 522
155 374
156 691
156 92
156 35
156 294
156 272
157 472
157 897
157 685
157 913
157 746
158 78
158 797
158 111
158 532
158 316
159 884
159 625
159 762
159 727
159 214
160 714
160 854
160 764
160 922
160 136
161 967
161 682
161 838
161 542
161 682
162 773
162 558
162 912
162 737
162 156
163 955
163 363
163 890
163 580
163 502
164 209
164 591
164 964
164 775
164 624
165 990
165 419
165 390
165 394
165 522
166 820
166 296
166 40
166 590
166 996
167 978
167 676
167 114
167 785
167 918
168 231
168 904
168 540
168 404
168 488
169 485
169 157
169 190
169 23
169 386
170 867
170 609
170 592
170 794
170 284
171 121
171 837
171 666
171 413
171 430
172 702
172 666
172 316
172 657
172 753
173 108
173 894
173 742
173 428
173 227
174 338
174 346
174 816
174 47
174 773
175 568
175 575
175 818
175 242
175 271
176 325
176 403
176 893
176 861
176 617
177 555
177 631
177 967
177 57
177 739
178 809
178 660
178 945
178 252
178 637
179 215
179 912
179 19
179 871
179 135
180 444
180 716
180 445
180 66
180 105
181 50
181 945
181 95
181 909
181 3
182 832
182 397
182 169
182 529
182 477
183 662
183 649
183 595
183 724
183 47
184 915
184 454
184 245
184 919
184 969
185 73
185 682
185 671
185 514
185 867
186 903
186 159
186 721
186 709
186 989
187 133
187 387
187 371
187 904
187 911
188 962
188 215
188 797
188 524
188 809
189 792
189 20
189 447
189 719
189 356
190 350
190 496
190 449
190 986
190 254
191 179
191 724
191 523
191 181
191 752
192 985
192 529
192 597
192 352
192 746
193 239
193 781
193 24
193 972
193 220
194 421
194 233
194 650
194 743
194 118
195 650
195 462
195 76
195 362
195 240
196 480
196 266
196 150
196 981
196 586
197 286
197 518
197 800
197 176
197 60
198 516
198 971
198 226
198 372
198 606
199 697
199 199
199 300
199 639
199 504
200 503
200 603
200 302
200 834
200 450
201 757
201 832
201 376
201 29
201 996
202 563
202 284
202 426
202 224
202 470
203 744
203 512
203 428
203 843
203 368
204 998
204 341
204 502
204 463
204 938
205 228
205 569
205 928
205 234
205 836
206 610
206 21
206 578
206 853
206 310
207 839
207 274
207 652
207 472
207 857
208 21
208 78
208 78
208 891
208 779
209 851
209 306
209 704
209 511
209 701
210 80
210 335
210 131
210 706
210 247
211 910
211 587
211 205
211 901
211 721
212 68
212 391
212 855
212 496
212 67
213 322
213 620
213 281
213 691
213 189
214 127
214 72
214 355
214 311
214 87
215 933
215 324
215 357
215 506
215 561
216 187
216 129
216 431
216 701
216 555
217 345
217 381
217 481
217 968
217 53
218 598
218 858
218 483
218 163
218 951
219 428
219 86
219 133
219 358
219 497
220 234
220 890
220 559
220 978
220 419
221 840
221 695
221 209
221 173
221 317
222 621
222 523
222 283
222 368
222 439
223 451
223 399
223 709
223 987
223 337
224 705
224 204
224 359
224 182
224 260
225 511
225 456
225 761
225 378
225 830
226 692
226 260
226 835
226 645
226 304
227 946
227 137
227 486
227 840
227 202
228 752
228 941
228 912
228 459
228 548
229 581
229 193
229 986
229 230
229 670
230 163
230 998
230 412
230 850
230 568
231 393
231 874
231 62
231 469
231 42
232 799
232 278
232 136
232 216
232 12
233 28
233 507
233 538
233 835
233 534
234 282
234 311
234 188
234 454
234 432
235 16
235 187
235 614
235 298
235 554
236 270
236 16
236 688
236 493
236 876
237 523
237 244
237 338
237 112
237 374
238 905
238 48
238 764
238 307
238 920
239 487
239 949
239 838
239 502
239 818
240 717
240 753
240 816
240 697
240 716
241 122
241 981
241 890
241 317
241 310
242 376
242 786
242 964
242 936
242 785
243 606
243 262
243 966
243 707
243 683
244 788
244 66
244 41
244 974
244 229
245 593
245 319
245 467
245 593
245 151
246 847
246 147
246 117
246 365
246 625
247 653
247 23
247 191
247 984
247 171
248 810
248 828
248 593
248 179
248 493
249 64
249 56
249 819
249 374
249 15
250 870
250 885
250 245
250 993
250 561
251 700
251 761
251 319
251 189
251 35
252 529
252 565
252 969
252 784
252 357
253 111
253 794
253 395
253 627
253 503
254 941
254 198
254 469
254 822
254 401
255 723
255 74
255 471
255 441
255 875
256 976
256 879
256 521
256 212
256 845
257 582
257 131
257 595
257 832
257 791
258 964
258 935
258 597
258 451
258 265
259 218
259 812
259 671
259 646
259 812
260 447
260 616
260 97
260 841
260 710
261 853
261 868
261 748
261 460
261 632
262 459
262 673
262 822
262 304
262 754
263 665
263 549
263 248
263 499
263 652
264 70
264 953
264 874
264 118
264 550
265 300
265 182
265 300
265 313
265 96
266 906
266 986
266 374
266 932
266 618
267 735
267 862
267 448
267 704
267 516
268 541
268 691
268 450
268 323
268 486
269 795
269 919
269 524
269 942
269 960
270 601
270 723
270 950
270 713
270 882
271 758
271 624
271 600
271 980
271 4
272 12
272 428
272 650
272 575
272 326
273 818
273 656
273 76
273 771
273 800
274 648
274 485
274 726
274 966
274 394
275 229
275 961
275 152
275 161
275 868
276 59
276 765
276 226
276 780
276 191
277 889
277 994
277 876
277 975
277 737
278 119
278 822
278 303
278 171
278 235
279 924
279 698
279 929
279 790
279 133
280 506
280 503
280 931
280 57
280 679
281 336
281 731
281 5
281 828
281 577
282 166
282 560
282 79
282 447
282 99
283 395
283 436
283 81
283 67
283 645
284 225
284 240
284 155
284 838
284 543
285 383
285 493
285 581
285 457
285 441
286 636
286 873
286 231
286 652
286 587
287 466
287 749
287 281
287 271
287 485
288 248
288 554
288 707
288 466
288 807
289 854
289 806
289 357
289 310
289 929
290 683
290 610
290 783
290 929
290 875
291 489
291 487
291 857
291 124
291 349
292 743
292 291
292 507
292 295
292 671
293 549
293 543
293 933
293 914
293 793
294 730
294 348
294 7
294 686
294 716
295 984
295 224
295 986
295 305
295 190
296 766
296 52
296 60
296 924
296 160
297 596
297 857
297 134
297 119
297 58
298 177
298 661
298 136
298 962
298 556
299 7
299 537
299 210
299 582
299 126
300 837
300 366
300 636
300 777
300 24
301 67
301 594
301 710
301 972
301 922
302 896
302 398
302 360
302 591
302 44
303 54
303 675
303 762
303 786
303 966
304 284
304 127
304 836
304 405
304 864
305 113
305 355
305 838
305 177
305 410
306 343
306 584
306 912
306 796
306 332
307 525
307 412
307 986
307 63
307 830
308 331
308 864
308 988
308 834
308 800
309 584
309 669
309 638
309 453
309 274
310 414
310 921
310 64
310 73
310 172
311 220
311 725
311 690
311 268
311 319
312 802
312 602
312 765
312 439
312 217
313 607
313 406
313 191
313 634
313 115
314 437
314 659
314 841
314 253
314 685
315 691
315 463
315 267
315 449
315 183
316 273
316 339
316 341
316 292
316 81
317 678
317 168
317 15
317 911
317 51
318 908
318 396
318 417
318 530
318 525
319 162
319 776
319 491
319 301
319 447
320 544
320 653
320 493
320 921
320 569
321 125
321 481
321 567
321 116
321 891
322 379
322 709
322 641
322 311
322 389
323 761
323 514
323 643
323 930
323 959
324 14
324 414
324 717
324 125
324 433
325 620
325 218
325 143
325 392
325 755
326 2
326 447
326 769
326 588
326 301
327 256
327 251
327 843
327 783
327 799
328 461
328 151
328 269
328 402
328 697
329 291
329 532
329 920
329 597
329 244
330 473
330 760
330 346
330 792
330 142
331 703
331 564
331 420
331 412
331 640
332 532
332 489
332 70
332 583
332 210
333 338
333 293
333 496
333 778
333 108
334 944
334 521
334 546
334 45
334 6
335 774
335 350
335 548
335 240
335 552
336 555
336 226
336 622
336 436
336 50
337 385
337 30
337 696
337 55
337 372
338 615
338 259
338 122
338 250
338 494
339 797
339 87
339 348
339 421
339 416
340 626
340 539
340 774
340 616
340 914
341 856
341 344
341 848
341 235
341 884
342 110
342 596
342 474
342 855
342 358
343 843
343 400
343 900
343 274
343 256
344 97
344 277
344 974
344 893
344 402
345 327
345 81
345 976
345 512
345 724
346 709
346 334
346 51
346 283
346 623
347 962
347 138
347 125
347 903
347 769
348 544
348 14
348 127
348 522
348 691
349 950
349 843
349 177
349 717
349 589
350 204
350 71
350 603
350 912
350 135
351 433
351 451
351 253
351 107
351 609
352 191
352 328
352 327
352 351
352 531
353 421
353 156
353 753
353 546
353 429
354 651
354 384
354 403
354 741
354 975
355 480
355 189
355 829
355 360
355 897
356 286
356 89
356 903
356 979
356 395
357 892
357 893
357 881
357 750
357 365
358 722
358 122
358 955
358 370
358 839
359 527
359 926
359 29
359 565
359 737
360 781
360 850
360 31
360 760
360 883
361 915
361 655
361 105
361 27
361 205
362 744
362 459
362 531
362 222
362 679
363 998
363 287
363 182
363 842
363 249
364 804
364 164
364 256
364 37
364 724
365 634
365 968
365 658
365 232
365 70
366 215
366 196
366 308
366 851
366 616
367 45
367 25
367 734
367 46
367 90
368 299
368 901
368 808
368 242
368 988
369 81
369 705
369 34
369 861
369 558
370 262
370 934
370 460
370 704
370 456
371 492
371 762
371 534
371 899
371 954
372 322
372 638
372 536
372 494
372 500
373 152
373 19
373 586
373 689
373 422
374 381
374 271
374 660
374 885
374 320
375 563
375 75
375 86
375 504
375 866
376 369
376 952
376 736
376 699
376 340
377 599
377 756
377 162
377 894
377 686
378 428
378 9
378 236
378 89
378 808
379 586
379 813
379 886
379 357
379 730
380 840
380 41
380 313
380 976
380 204
381 646
381 518
381 363
381 747
381 199
382 475
382 746
382 365
382 366
382 673
383 729
383 126
383 439
383 985
383 571
384 887
384 355
384 513
384 757
384 117
385 692
385 831
385 515
385 376
385 39
386 922
386 59
386 589
386 571
386 937
387 752
387 864
387 15
387 190
387 83
388 934
388 116
388 641
388 33
388 981
389 163
389 592
389 715
389 228
389 903
390 993
390 821
390 141
390 848
390 449
391 223
391 625
391 791
391 43
391 923
392 53
392 877
392 217
392 214
392 821
393 210
393 330
393 291
393 833
393 391
394 440
394 134
394 941
394 452
394 289
395 270
395 962
395 367
395 224
395 187
396 76
396 191
396 417
396 843
396 333
397 681
397 643
397 420
397 686
397 655
398 511
398 871
398 494
398 881
398 153
399 317
399 700
399 144
399 500
399 700
400 571
400 928
400 146
400 696
400 174
401 376
401 380
401 220
401 315
401 496
402 534
402 633
402 646
402 510
402 642
403 788
403 437
403 296
403 705
403 540
404 17
404 665
404 346
404 324
404 462
405 423
405 694
405 772
405 96
405 8
406 5
406 946
406 422
406 363
406 930
407 259
407 750
407 848
407 982
407 404
408 664
408 979
408 922
408 177
408 950
409 894
409 455
409 572
409 372
409 848
410 124
410 684
410 998
410 991
410 770
411 858
411 488
411 72
411 187
411 892
412 111
412 716
412 474
412 358
412 814
413 365
413 193
413 124
413 977
413 136
414 747
414 421
414 199
414 172
414 634
415 353
415 225
415 625
415 439
415 180
416 606
416 30
416 275
416 211
416 655
417 412
417 506
417 701
417 830
417 977
418 218
418 758
418 775
418 449
418 123
419 24
419 563
419 425
419 220
419 21
420 629
420 815
420 827
420 839
420 519
421 459
421 267
421 901
421 459
421 489
422 265
422 496
422 903
422 230
422 987
423 518
423 300
423 977
423 849
423 885
424 676
424 552
424 51
424 692
424 431
425 506
425 5
425 53
425 311
425 329
426 736
426 233
426 127
426 506
426 251
427 541
427 637
427 529
427 702
427 373
428 371
428 866
428 179
428 321
428 295
429 953
429 318
429 829
429 516
429 193
430 207
430 546
430 255
430 711
430 763
431 612
431 375
431 906
431 330
431 237
432 842
432 603
432 332
432 926
432 135
433 448
433 55
433 406
433 345
433 105
434 806
434 308
434 56
434 964
434 580
435 59
435 112
435 458
435 159
435 502
436 313
436 340
436 532
436 354
436 648
437 695
437 369
437 534
437 974
437 970
438 301
438 621
438 608
438 169
438 444
439 530
439 425
439 682
439 788
439 14
440 360
440 654
440 684
440 983
440 488
441 190
441 130
441 758
441 178
441 810
442 747
442 359
442 184
442 445
442 932
443 577
443 587
443 810
443 217
443 854
444 383
444 391
444 884
444 836
444 776
445 637
445 292
445 310
445 455
445 322
446 466
446 96
446 960
446 650
446 220
447 624
447 348
447 386
447 845
447 718
448 878
448 753
448 461
448 465
448 264
449 684
449 629
449 535
449 660
449 162
450 489
450 433
450 537
450 855
450 60
451 95
451 662
451 587
451 698
451 207
452 901
452 490
452 13
452 293
452 105
453 155
453 366
453 663
453 913
453 451
454 960
454 171
454 737
454 684
454 573
455 790
455 399
455 163
455 303
455 495
456 396
456 227
456 813
456 922
456 969
457 202
457 104
457 239
457 693
457 515
458 31
458 908
458 313
458 312
458 413
459 237
459 736
459 515
459 932
459 335
460 419
460 541
460 941
460 775
460 457
461 248
461 769
461 15
461 970
461 379
462 478
462 221
462 17
462 165
462 701
463 884
463 474
463 91
463 784
463 847
464 114
464 278
464 165
464 980
464 745
465 719
465 506
465 168
465 175
465 219
466 549
466 983
466 218
466 794
466 189
467 331
467 211
467 644
467 989
467 663
468 585
468 15
468 294
468 184
468 585
469 742
469 244
469 368
469 452
469 732
470 572
470 296
470 794
470 647
470 54
471 826
471 524
471 444
471 842
471 528
472 632
472 329
472 870
472 437
472 98
473 461
473 581
473 944
473 632
473 996
474 43
474 33
474 570
474 827
474 894
475 849
475 286
475 996
475 447
475 792
476 679
476 90
476 70
476 642
476 938
477 908
477 343
477 72
477 261
477 860
478 90
478 795
478 146
478 104
478 758
479 344
479 23
479 220
479 299
479 304
480 149
480 852
480 222
480 919
480 802
481 979
481 656
481 296
481 690
481 700
482 209
482 108
482 699
482 309
482 670
483 367
483 337
483 349
483 928
483 144
484 196
484 165
484 423
484 123
484 66
485 426
485 393
485 849
485 319
485 212
486 256
486 846
486 923
486 938
486 535
487 414
487 98
487 925
487 781
487 9
488 667
488 902
488 999
488 976
488 579
489 921
489 131
489 649
489 171
489 53
490 303
490 583
490 651
490 791
490 375
491 533
491 835
491 725
491 410
491 921
492 114
492 216
492 151
492 133
492 419
493 520
493 444
493 801
493 752
493 341
494 774
494 896
494 875
494 371
494 887
495 4
495 149
495 301
495 142
495 785
496 761
496 953
496 951
496 410
496 283
497 991
497 181
497 353
497 29
497 829
498 245
498 658
498 427
498 224
498 727
499 626
499 886
499 78
499 419
499 625
500 856
500 690
500 504
500 614
500 747
501 462
501 919
501 578
501 234
501 693
502 268
502 971
502 580
502 429
502 15
503 97
503 199
503 654
503 624
503 137
504 927
504 28
504 728
504 243
504 36
505 509
505 280
505 706
505 86
505 534
506 339
506 732
506 780
506 282
506 504
507 120
507 961
507 206
507 901
507 978
508 374
508 765
508 856
508 96
508 876
509 204
509 18
509 930
509 291
509 46
510 362
510 470
510 356
510 910
510 368
511 615
511 698
511 6
511 105
511 266
512 421
512 527
512 432
512 277
512 388
513 251
513 331
513 482
513 896
513 310
514 857
514 783
514 132
514 739
514 208
515 86
515 12
515 558
515 358
515 754
516 468
516 840
516 633
516 129
516 228
517 698
517 68
517 635
517 749
517 150
518 951
518 521
518 709
518 368
518 720
519 709
519 773
519 359
519 139
519 618
520 939
520 577
520 361
520 758
520 92
521 193
521 806
521 411
521 377
521 663
522 574
522 258
522 837
522 573
522 985
523 180
523 510
523 911
523 416
523 459
524 410
524 891
524 561
524 35
524 5
525 792
525 119
525 987
525 230
525 503
526 45
526 595
526 61
526 425
526 849
527 275
527 824
527 63
527 620
527 971
528 457
528 628
528 137
528 240
528 869
529 287
529 856
529 187
529 859
529 367
530 516
530 333
530 189
530 630
530 337
531 346
531 561
531 263
531 249
531 235
532 480
532 365
532 689
532 492
532 709
533 734
533 618
533 340
533 264
533 255
534 563
534 94
534 414
534 883
534 201
535 369
535 898
535 840
535 78
535 99
536 623
536 703
536 466
536 697
536 573
537 780
537 955
537 892
537 892
537 119
538 610
538 759
538 966
538 88
538 41
539 864
539 636
539 616
539 707
539 940
540 646
540 440
540 42
540 902
540 486
541 251
541 693
541 116
541 745
541 960
542 81
542 497
542 118
542 364
542 330
543 887
543 373
543 192
543 983
543 452
544 141
544 202
544 242
544 755
544 350
545 946
545 430
545 244
545 374
545 824
546 128
546 810
546 318
546 569
546 818
547 382
547 687
547 744
547 764
547 292
548 740
548 515
548 394
548 383
548 190
549 993
549 743
549 396
549 579
549 312
550 575
550 548
550 471
550 422
550 682
551 405
551 448
551 121
551 41
551 580
552 235
552 252
552 523
552 212
552 702
553 464
553 481
553 597
553 831
553 600
554 294
554 285
554 599
554 603
554 522
555 452
555 185
555 673
555 222
555 68
556 682
556 566
556 747
556 841
556 543
557 511
557 794
557 749
557 612
557 441
558 317
558 622
558 823
558 231
558 35
559 923
559 499
559 249
559 498
559 933
560 728
560 303
560 299
560 694
560 831
561 558
561 555
561 949
561 889
561 953
562 812
562 384
562 375
562 84
562 299
563 618
563 260
563 449
563 703
563 773
564 199
564 64
564 451
564 898
564 319
565 5
565 317
565 525
565 94
565 793
566 835
566 121
566 599
566 713
566 139
567 89
567 573
567 602
567 332
567 285
568 894
568 378
568 652
568 751
568 183
569 76
569 630
569 78
569 370
569 81
570 306
570 434
570 728
570 990
570 627
571 136
571 311
571 802
571 761
571 549
572 965
572 115
572 228
572 356
572 23
573 523
573 368
573 878
573 551
573 569
574 353
574 172
574 304
574 170
574 492
575 159
575 48
575 354
575 366
575 414
576 412
576 877
576 4
576 561
576 536
577 666
577 105
577 430
577 828
577 434
578 400
578 485
578 504
578 23
578 332
579 653
579 362
579 82
579 218
579 902
580 883
580 614
580 156
580 837
580 800
581 265
581 418
581 230
581 33
581 274
582 871
582 647
582 232
582 228
582 244
583 100
583 123
583 282
583 847
583 766
584 506
584 351
584 709
584 42
584 664
585 736
585 156
585 359
585 237
585 786
586 990
586 384
586 433
586 505
586 108
587 747
587 860
587 859
587 700
587 606
588 977
588 89
588 509
588 319
588 152
589 783
589 469
589 935
589 514
589 50
590 13
590 745
590 9
590 709
590 948
591 194
591 198
591 635
591 329
591 543
592 24
592 426
592 61
592 76
592 17
593 254
593 230
593 135
593 695
593 915
594 84
594 483
594 137
594 314
594 461
595 889
595 935
595 211
595 733
595 383
596 495
596 163
596 285
596 352
596 857
597 301
597 992
597 711
597 972
597 755
598 106
598 220
598 361
598 167
598 725
599 360
599 672
599 763
599 362
599 223
600 942
600 477
600 837
600 557
600 145
601 348
601 305
601 488
601 176
601 267
602 601
602 533
602 914
602 372
602 165
603 831
603 986
603 988
603 567
603 63
604 237
604 238
604 990
604 834
604 633
605 819
605 43
605 64
605 453
605 107
606 48
606 271
606 114
606 224
606 5
607 454
607 723
607 116
607 844
607 575
608 684
608 976
608 190
608 463
608 497
609 290
609 780
609 192
609 234
609 396
610 695
610 584
610 842
610 853
610 518
611 925
611 61
611 916
611 48
611 840
612 179
612 289
612 342
612 643
612 338
613 961
613 93
613 992
613 487
613 884
614 142
614 322
614 394
614 682
614 358
615 396
615 150
615 468
615 301
615 704
616 202
616 26
616 118
616 496
616 850
617 31
617 831
617 544
617 691
617 748
618 613
618 59
618 619
618 311
618 646
619 443
619 911
619 621
619 506
619 192
620 273
620 788
620 695
620 701
620 114
621 478
621 168
621 769
621 320
621 588
622 308
622 420
622 747
622 163
622 134
623 466
623 225
623 821
623 359
623 56
624 720
624 101
624 247
624 978
624 978
625 549
625 905
625 897
625 173
625 100
626 779
626 158
626 971
626 792
626 999
627 961
627 962
627 397
627 563
627 897
628 767
628 838
628 47
628 182
628 467
629 20
629 667
629 473
629 802
629 365
630 826
630 895
630 523
630 573
630 839
631 632
631 699
631 173
631 840
631 833
632 238
632 152
632 599
632 435
632 331
633 619
633 980
633 673
633 206
633 229
634 873
634 208
634 99
634 826
634 351
635 127
635 13
635 750
635 445
635 673
636 860
636 913
636 824
636 640
636 147
637 114
637 718
637 250
637 835
637 717
638 320
638 946
638 876
638 30
638 615
639 150
639 750
639 878
639 650
639 513
640 979
640 651
640 952
640 493
640 83
641 561
641 455
641 602
641 688
641 581
642 391
642 683
642 28
642 307
642 479
643 197
643 88
643 102
643 926
643 25
644 450
644 964
644 104
644 698
644 924
645 632
645 768
645 154
645 317
645 422
646 414
646 997
646 228
646 488
646 968
647 668
647 825
647 230
647 683
647 290
648 473
648 725
648 304
648 302
648 788
649 303
649 530
649 730
649 145
649 358
650 909
650 782
650 380
650 765
650 832
651 715
651 586
651 454
651 960
651 154
652 968
652 463
652 881
652 131
652 276
653 774
653 267
653 507
653 750
653 198
654 932
654 95
654 933
654 945
654 672
655 185
655 900
655 7
655 141
655 642
656 991
656 776
656 657
656 760
656 140
657 821
657 580
657 83
657 955
657 62
658 51
658 833
658 157
658 798
658 960
659 232
659 637
659 159
659 417
659 506
660 62
660 513
660 233
660 613
660 404
661 292
661 342
661 283
661 808
661 903
662 522
662 570
662 309
662 427
662 449
663 255
663 374
663 383
663 622
663 347
664 509
664 827
664 809
664 241
664 269
665 763
665 655
665 459
665 12
665 415
666 145
666 883
666 533
666 632
666 313
667 398
667 688
667 959
667 899
667 635
668 4
668 588
668 609
668 670
668 757
669 386
669 393
669 588
669 289
669 655
670 616
670 621
670 662
670 908
670 153
671 845
671 425
671 736
671 104
671 123
672 603
672 326
672 738
672 275
672 621
673 857
673 130
673 812
673 894
673 519
674 662
674 358
674 238
674 89
674 665
675 916
675 763
675 888
675 284
675 987
676 722
676 663
676 962
676 128
676 885
677 904
677 467
677 364
677 747
677 7
678 133
678 696
678 14
678 942
678 929
679 939
679 524
679 440
679 137
679 828
680 769
680 400
680 514
680 756
680 398
681 351
681 205
681 164
681 375
681 872
682 180
682 457
682 590
682 147
682 794
683 10
683 261
683 664
683 766
683 340
684 240
684 138
684 642
684 961
684 238
685 70
685 942
685 716
685 804
685 712
686 227
686 770
686 791
686 423
686 282
687 457
687 575
687 793
687 619
687 604
688 711
688 451
688 867
688 238
688 102
689 93
689 279
689 293
689 433
689 648
690 698
690 508
690 943
690 628
690 146
691 928
691 312
691 17
691 247
691 468
692 334
692 188
692 419
692 995
692 590
693 587
693 17
693 69
693 614
693 488
694 817
694 245
694 495
694 881
694 986
695 551
695 49
695 569
695 76
695 956
696 781
696 278
696 219
696 271
696 879
697 34
697 330
697 645
697 890
697 353
698 440
698 558
698 719
698 86
698 923
699 22
699 363
699 297
699 281
699 821
700 276
700 615
700 347
700 900
700 719
701 81
701 68
701 421
701 95
701 841
702 911
702 296
702 423
702 714
702 739
703 141
703 100
703 498
703 134
703 661
704 299
704 353
704 924
704 753
704 207
705 128
705 829
705 574
705 372
705 705
706 358
706 57
706 648
706 143
706 603
707 188
707 886
707 74
707 762
707 597
708 370
708 690
708 124
708 382
708 71
709 599
709 142
709 126
709 577
709 969
710 429
710 371
710 200
710 772
710 91
711 211
711 199
711 274
711 967
711 437
712 464
712 427
712 276
712 210
712 911
713 646
713 880
713 350
713 405
713 482
714 876
714 132
714 776
714 601
714 956
715 706
715 936
715 426
715 220
715 302
716 511
716 165
716 476
716 839
716 848
717 117
717 41
717 902
717 610
717 322
718 523
718 869
718 552
718 229
718 220
719 729
719 674
719 978
719 849
719 790
720 982
720 478
720 53
720 620
720 688
721 364
721 378
721 703
721 887
721 186
722 970
722 183
722 129
722 82
722 84
723 224
723 411
723 179
723 277
723 654
724 29
724 215
724 181
724 897
724 552
725 859
725 116
725 255
725 92
725 450
726 441
726 920
726 329
726 711
726 572
727 247
727 148
727 331
727 906
727 918
728 76
728 977
728 405
728 101
728 392
729 306
729 429
729 407
729 721
729 962
730 136
730 233
730 57
730 140
730 436
731 318
731 462
731 107
731 759
731 783
732 547
732 290
732 533
732 354
732 905
733 377
733 167
733 183
733 549
733 803
734 183
734 995
734 609
734 744
734 277
735 764
735 223
735 683
735 364
735 247
736 594
736 52
736 333
736 559
736 169
737 824
737 928
737 760
737 754
737 667
738 654
738 732
738 834
738 373
738 213
739 459
739 985
739 812
739 216
739 111
740 65
740 365
740 886
740 836
740 33
741 895
741 241
741 312
741 607
741 155
742 701
742 46
742 962
742 226
742 53
743 954
743 298
743 36
743 845
743 951
744 88
744 102
744 462
744 616
744 521
745 918
745 979
745 536
745 236
745 443
746 172
746 807
746 538
746 855
746 917
747 977
747 35
747 588
747 50
747 463
748 807
748 840
748 662
748 893
748 386
749 389
749 716
749 664
749 88
749 284
750 643
750 544
750 738
750 707
750 406
751 48
751 349
751 164
751 903
751 304
752 254
752 153
752 814
752 74
752 226
753 860
753 53
753 888
753 693
753 796
754 241
754 858
754 291
754 312
754 694
755 495
755 86
755 941
755 83
755 168
756 749
756 890
756 367
756 703
756 162
757 131
757 791
757 441
757 546
757 636
758 736
758 595
758 91
758 741
758 534
759 542
759 823
759 93
759 360
759 656
760 348
760 652
760 167
760 555
760 2
761 602
761 528
761 169
761 751
761 500
762 759
762 932
762 219
762 370
762 46
763 13
763 161
763 293
763 565
763 520
764 819
764 989
764 295
764 184
764 866
765 649
765 865
765 369
765 379
765 412
766 902
766 670
766 795
766 222
766 887
767 60
767 922
767 445
767 842
767 785
768 866
768 727
768 519
768 613
768 331
769 96
769 603
769 945
769 232
769 253
770 925
770 407
770 571
770 851
770 751
771 107
771 660
771 998
771 46
771 297
772 337
772 464
772 72
772 218
772 195
773 590
773 268
773 722
773 837
773 117
774 972
774 721
774 148
774 32
774 663
775 226
775 973
775 222
775 875
775 137
776 808
776 777
776 224
776 70
776 459
777 189
777 6
777 298
777 690
777 605
778 443
778 482
778 348
778 309
778 527
779 673
779 710
779 350
779 80
779 1
780 431
780 515
780 424
780 699
780 971
781 684
781 743
781 850
781 318
781 469
782 914
782 219
782 924
782 89
782 367
783 320
783 24
783 574
783 709
783 842
784 526
784 828
784 0
784 976
784 812
785 131
785 80
785 74
785 171
785 734
786 961
786 533
786 52
786 366
786 232
787 767
787 761
787 126
787 561
787 778
788 21
788 565
788 201
788 181
788 676
789 178
789 818
789 779
789 376
789 598
790 8
790 270
790 853
790 571
790 720
791 262
791 522
791 279
791 190
791 618
792 43
792 351
792 929
792 785
792 516
793 873
793 579
793 979
793 205
793 86
794 479
794 607
794 405
794 824
794 8
795 285
795 836
795 55
795 19
795 482
796 114
796 664
796 481
796 214
796 452
797 344
797 892
797 555
797 833
797 950
798 526
798 345
798 205
798 28
798 848
799 780
799 597
799 631
799 624
799 970
800 161
800 402
800 705
800 819
800 292
801 391
801 630
801 683
801 14
801 767
802 621
802 82
802 757
802 281
802 361
803 379
803 335
803 831
803 476
803 259
804 632
804 139
804 833
804 672
804 157
805 862
805 943
805 908
805 291
805 703
806 268
806 420
806 334
806 62
806 201
807 850
807 648
807 984
807 681
807 99
808 103
808 452
808 58
808 300
808 645
809 485
809 681
809 460
809 496
809 543
810 715
810 157
810 110
810 691
810 65
811 968
811 385
811 536
811 958
811 611
812 126
812 190
812 610
812 129
812 509
813 956
813 442
813 260
813 324
813 407
814 210
814 894
814 686
814 520
814 977
815 15
815 123
815 760
815 139
815 451
816 197
816 503
816 762
816 758
816 773
817 403
817 755
817 812
817 529
817 895
818 233
818 208
818 886
818 148
818 842
819 62
819 436
819 888
819 767
819 316
820 292
820 264
820 538
820 187
820 286
821 474
821 517
821 964
821 806
821 760
822 280
822 969
822 39
822 1
822 682
823 533
823 197
823 689
823 620
823 228
824 363
824 26
824 115
824 815
824 126
825 921
825 254
825 165
825 11
825 24
826 751
826 706
826 167
826 630
826 170
827 556
827 511
827 241
827 825
827 92
828 810
828 339
828 315
828 20
828 990
829 640
829 567
829 317
829 287
829 536
830 797
830 20
830 391
830 907
830 34
831 51
831 272
831 817
831 678
831 932
832 857
832 77
832 443
832 273
832 902
833 663
833 305
833 517
833 468
833 376
834 268
834 757
834 967
834 663
834 298
835 498
835 10
835 617
835 282
835 444
836 904
836 814
836 43
836 478
836 767
837 134
837 618
837 117
837 97
837 241
838 387
838 95
838 767
838 940
838 787
839 145
839 323
839 194
839 135
839 285
840 375
840 127
840 244
840 754
840 607
841 605
841 356
841 246
841 526
841 729
842 986
842 832
842 320
842 145
842 627
843 592
843 60
843 394
843 764
843 573
844 422
844 865
844 396
844 535
844 471
845 228
845 117
845 470
845 154
845 17
846 481
846 569
846 896
846 774
846 491
847 287
847 798
847 546
847 617
847 413
848 893
848 178
848 596
848 812
848 959
849 698
849 454
849 598
849 431
849 857
850 504
850 907
850 248
850 626
850 331
851 758
851 135
851 674
851 821
851 925
852 564
852 963
852 748
852 993
852 247
853 745
853 192
853 398
853 612
853 722
854 999
854 420
854 824
854 231
854 268
855 805
855 872
855 898
855 2
855 766
856 635
856 125
856 301
856 269
856 88
857 216
857 929
857 951
857 889
857 210
858 22
858 157
858 25
858 660
858 108
859 852
859 186
859 451
859 279
859 630
860 82
860 438
860 101
860 474
860 600
861 335
861 242
861 527
861 93
861 74
862 93
862 471
862 601
862 289
862 972
863 323
863 947
863 227
863 484
863 542
864 577
864 176
864 653
864 103
864 440
865 958
865 980
865 727
865 946
865 338
866 540
866 208
866 729
866 141
866 460
867 794
867 685
867 803
867 760
867 406
868 175
868 913
868 877
868 380
868 304
869 429
869 717
869 879
869 151
869 850
870 659
870 546
870 953
870 770
870 324
871 417
871 998
871 355
871 965
871 223
872 670
872 226
872 5
872 136
872 217
873 900
873 31
873 80
873 756
873 691
874 706
874 283
874 506
874 599
874 589
875 864
875 735
875 156
875 218
875 735
876 117
876 964
876 582
876 413
876 81
877 947
877 816
877 656
877 608
877 555
878 753
878 44
878 306
878 228
878 101
879 7
879 497
879 284
879 999
879 575
880 164
880 725
880 358
880 618
880 921
881 994
881 129
881 360
881 237
881 467
882 224
882 358
882 434
882 432
882 941
883 30
883 810
883 508
883 275
883 863
884 211
884 62
884 510
884 895
884 433
885 17
885 867
885 584
885 90
885 331
886 271
886 95
886 10
886 285
886 805
887 524
887 547
887 636
887 480
887 351
888 906
888 800
888 710
888 99
888 274
889 512
889 604
889 136
889 295
889 172
890 718
890 832
890 787
890 490
890 294
891 123
891 309
891 213
891 109
891 192
892 377
892 113
892 287
892 352
892 138
893 959
893 917
893 361
893 123
893 684
894 365
894 146
894 363
894 743
894 582
895 594
895 622
895 413
895 362
895 56
896 848
896 851
896 839
896 133
896 626
897 678
897 655
897 489
897 752
897 524
898 812
898 883
898 563
898 947
898 422
899 65
899 360
899 989
899 567
899 544
900 871
900 588
900 639
900 762
900 490
901 701
901 392
901 65
901 605
901 812
902 307
902 221
902 115
902 224
902 934
903 112
903 673
903 765
903 419
903 832
904 942
904 901
904 191
904 614
904 306
905 172
905 706
905 265
905 234
905 652
906 978
906 982
906 267
906 429
906 775
907 159
907 434
907 342
907 624
907 673
908 389
908 663
908 416
908 243
908 171
909 219
909 491
909 994
909 438
909 165
910 448
910 719
910 44
910 282
910 63
911 630
911 172
911 470
911 901
911 537
912 460
912 400
912 120
912 72
912 83
913 690
913 804
913 194
913 691
913 5
914 519
914 33
914 620
914 886
914 903
915 301
915 485
915 270
915 82
915 25
916 907
916 737
916 696
916 701
916 947
917 737
917 542
917 770
917 472
917 869
918 542
918 770
918 396
918 91
918 415
919 796
919 222
919 822
919 358
919 889
920 954
920 475
920 896
920 553
920 787
921 784
921 279
921 898
921 749
921 781
922 37
922 507
922 972
922 368
922 255
923 243
923 984
923 46
923 563
923 154
924 649
924 788
924 49
924 758
924 300
925 255
925 592
925 123
925 953
925 646
926 484
926 821
926 525
926 573
926 120
927 890
927 297
927 175
927 192
927 666
928 120
928 526
928 249
928 611
928 140
929 301
929 330
929 675
929 230
929 486
930 131
930 582
930 749
930 849
930 32
931 337
931 387
931 751
931 621
931 506
932 167
932 263
932 825
932 216
932 428
933 972
933 67
933 251
933 411
933 998
934 578
934 320
934 877
934 606
934 896
935 408
935 724
935 951
935 225
935 370
936 638
936 600
936 377
936 420
936 916
937 467
937 405
937 27
937 688
937 814
938 625
938 657
938 453
938 883
938 736
939 855
939 461
939 103
939 78
939 858
940 685
940 338
940 753
940 697
940 780
941 490
941 166
941 156
941 892
941 103
942 744
942 394
942 230
942 88
942 249
943 902
943 199
943 232
943 707
943 147
944 732
944 75
944 306
944 902
944 621
945 985
945 903
945 380
945 97
945 591
946 215
946 708
946 382
946 364
946 89
947 949
947 512
947 456
947 560
947 987
948 178
948 412
948 882
948 755
948 133
949 432
949 217
949 508
949 374
949 455
950 838
950 445
950 582
950 569
950 377
951 68
951 249
951 8
951 188
951 499
952 673
952 150
952 658
952 911
952 397
953 55
953 954
953 84
953 531
953 295
954 309
954 182
954 158
954 150
954 865
955 539
955 11
955 808
955 569
955 339
956 272
956 463
956 234
956 188
956 237
957 526
957 267
957 284
957 807
957 807
958 756
958 496
958 287
958 3
958 730
959 586
959 324
959 361
959 198
959 628
960 415
960 201
960 435
960 817
960 750
961 997
961 5
961 437
961 12
961 72
962 827
962 257
962 511
962 207
962 570
963 609
963 86
963 937
963 403
963 116
964 862
964 962
964 587
964 670
964 590
965 44
965 766
965 637
965 289
965 936
966 850
966 19
966 63
966 60
966 434
967 103
967 399
967 137
967 679
967 980
968 909
968 275
968 139
968 298
968 454
969 739
969 104
969 789
969 70
969 776
970 921
970 332
970 863
970 689
970 322
971 150
971 136
971 865
971 884
971 820
972 380
972 13
972 939
972 55
972 718
973 762
973 841
973 341
973 322
973 288
974 368
974 69
974 991
974 518
974 186
975 621
975 874
975 65
975 137
975 684
976 3
976 750
976 492
976 332
976 231
977 257
977 578
977 142
977 527
977 129
978 487
978 383
978 568
978 146
978 27
979 244
979 187
979 642
979 342
979 597
980 474
980 87
980 268
980 537
980 71
981 704
981 892
981 694
981 156
981 417
982 110
982 120
982 768
982 999
982 539
983 691
983 924
983 770
983 194
983 461
984 945
984 825
984 844
984 814
984 935
985 775
985 629
985 918
985 9
985 905
986 580
986 857
986 920
986 204
986 379
987 834
987 686
987 994
987 823
987 301
988 992
988 562
988 396
988 18
988 847
989 798
989 942
989 46
989 637
989 769
990 51
990 171
990 120
990 409
990 667
991 857
991 423
991 546
991 676
991 813
992 39
992 900
992 196
992 271
992 711
993 293
993 128
993 623
993 42
993 610
994 98
994 956
994 697
994 661
994 156
995 928
995 185
995 347
995 281
995 654
996 134
996 637
996 749
996 476
996 552
997 316
997 865
997 823
997 671
997 122
998 569
998 694
998 825
998 866
998 20
999 375
999 922
999 475
999 485
999 942
